"Date","Value","Country"
"1901-09-01","20.311","Afghanistan"
"1901-10-01","12.571","Afghanistan"
"1901-11-01","8.827","Afghanistan"
"1901-12-01","3.673","Afghanistan"
"1902-01-01","2.293","Afghanistan"
"1902-02-01","3.469","Afghanistan"
"1902-03-01","9.3","Afghanistan"
"1902-04-01","14.328","Afghanistan"
"1902-05-01","21.332","Afghanistan"
"1902-06-01","25.396","Afghanistan"
"1902-07-01","26.337","Afghanistan"
"1902-08-01","25.11","Afghanistan"
"1902-09-01","20.288","Afghanistan"
"1902-10-01","13.878","Afghanistan"
"1902-11-01","8.669","Afghanistan"
"1902-12-01","3.67","Afghanistan"
"1903-01-01","-1.387","Afghanistan"
"1903-02-01","3.082","Afghanistan"
"1903-03-01","4.041","Afghanistan"
"1903-04-01","11.763","Afghanistan"
"1903-05-01","18.776","Afghanistan"
"1903-06-01","25.023","Afghanistan"
"1903-07-01","25.909","Afghanistan"
"1903-08-01","24.984","Afghanistan"
"1903-09-01","20.623","Afghanistan"
"1903-10-01","14.416","Afghanistan"
"1903-11-01","7.099","Afghanistan"
"1903-12-01","1.508","Afghanistan"
"1904-01-01","-3.088","Afghanistan"
"1904-02-01","4.379","Afghanistan"
"1904-03-01","8.35","Afghanistan"
"1904-04-01","14.176","Afghanistan"
"1904-05-01","20.24","Afghanistan"
"1904-06-01","24.808","Afghanistan"
"1904-07-01","26.434","Afghanistan"
"1904-08-01","24.877","Afghanistan"
"1904-09-01","19.606","Afghanistan"
"1904-10-01","12.416","Afghanistan"
"1904-11-01","9.458","Afghanistan"
"1904-12-01","4.013","Afghanistan"
"1905-01-01","-1.24","Afghanistan"
"1905-02-01","-1.028","Afghanistan"
"1905-03-01","5.031","Afghanistan"
"1905-04-01","14.152","Afghanistan"
"1905-05-01","20.887","Afghanistan"
"1905-06-01","25.038","Afghanistan"
"1905-07-01","26.836","Afghanistan"
"1905-08-01","25.096","Afghanistan"
"1905-09-01","20.366","Afghanistan"
"1905-10-01","14.501","Afghanistan"
"1905-11-01","8.619","Afghanistan"
"1905-12-01","2.37","Afghanistan"
"1906-01-01","-0.163","Afghanistan"
"1906-02-01","0.832","Afghanistan"
"1906-03-01","6.988","Afghanistan"
"1906-04-01","12.193","Afghanistan"
"1906-05-01","20.556","Afghanistan"
"1906-06-01","24.885","Afghanistan"
"1906-07-01","26.73","Afghanistan"
"1906-08-01","25.786","Afghanistan"
"1906-09-01","20.179","Afghanistan"
"1906-10-01","14.82","Afghanistan"
"1906-11-01","9.4","Afghanistan"
"1906-12-01","4.413","Afghanistan"
"1907-01-01","1.884","Afghanistan"
"1907-02-01","1.058","Afghanistan"
"1907-03-01","6.979","Afghanistan"
"1907-04-01","14.757","Afghanistan"
"1907-05-01","18.187","Afghanistan"
"1907-06-01","22.819","Afghanistan"
"1907-07-01","26.43","Afghanistan"
"1907-08-01","24.844","Afghanistan"
"1907-09-01","20.302","Afghanistan"
"1907-10-01","12.524","Afghanistan"
"1907-11-01","7.775","Afghanistan"
"1907-12-01","2.676","Afghanistan"
"1908-01-01","1.326","Afghanistan"
"1908-02-01","2.764","Afghanistan"
"1908-03-01","7.35","Afghanistan"
"1908-04-01","14.416","Afghanistan"
"1908-05-01","19.072","Afghanistan"
"1908-06-01","24.642","Afghanistan"
"1908-07-01","27.152","Afghanistan"
"1908-08-01","25.192","Afghanistan"
"1908-09-01","19.371","Afghanistan"
"1908-10-01","12.342","Afghanistan"
"1908-11-01","8.193","Afghanistan"
"1908-12-01","2.57","Afghanistan"
"1909-01-01","-1.224","Afghanistan"
"1909-02-01","2.785","Afghanistan"
"1909-03-01","8.927","Afghanistan"
"1909-04-01","15.354","Afghanistan"
"1909-05-01","19.343","Afghanistan"
"1909-06-01","24.71","Afghanistan"
"1909-07-01","26.016","Afghanistan"
"1909-08-01","25.344","Afghanistan"
"1909-09-01","19.408","Afghanistan"
"1909-10-01","13.562","Afghanistan"
"1909-11-01","10.002","Afghanistan"
"1909-12-01","2.878","Afghanistan"
"1910-01-01","0.297","Afghanistan"
"1910-02-01","3.851","Afghanistan"
"1910-03-01","6.727","Afghanistan"
"1910-04-01","12.63","Afghanistan"
"1910-05-01","20.753","Afghanistan"
"1910-06-01","24.45","Afghanistan"
"1910-07-01","26.149","Afghanistan"
"1910-08-01","24.926","Afghanistan"
"1910-09-01","19.617","Afghanistan"
"1910-10-01","13.333","Afghanistan"
"1910-11-01","6.844","Afghanistan"
"1910-12-01","-0.979","Afghanistan"
"1911-01-01","-1.126","Afghanistan"
"1911-02-01","3.846","Afghanistan"
"1911-03-01","6.661","Afghanistan"
"1911-04-01","13.347","Afghanistan"
"1911-05-01","20.326","Afghanistan"
"1911-06-01","25.45","Afghanistan"
"1911-07-01","25.984","Afghanistan"
"1911-08-01","25.391","Afghanistan"
"1911-09-01","20.796","Afghanistan"
"1911-10-01","12.784","Afghanistan"
"1911-11-01","5.481","Afghanistan"
"1911-12-01","1.68","Afghanistan"
"1912-01-01","0.462","Afghanistan"
"1912-02-01","5.285","Afghanistan"
"1912-03-01","8.022","Afghanistan"
"1912-04-01","14.558","Afghanistan"
"1912-05-01","20.006","Afghanistan"
"1912-06-01","24.896","Afghanistan"
"1912-07-01","27.644","Afghanistan"
"1912-08-01","24.492","Afghanistan"
"1912-09-01","18.062","Afghanistan"
"1912-10-01","14.337","Afghanistan"
"1912-11-01","6.724","Afghanistan"
"1912-12-01","2.344","Afghanistan"
"1913-01-01","2.113","Afghanistan"
"1913-02-01","1.45","Afghanistan"
"1913-03-01","5.772","Afghanistan"
"1913-04-01","13.625","Afghanistan"
"1913-05-01","21.741","Afghanistan"
"1913-06-01","24.829","Afghanistan"
"1913-07-01","27.089","Afghanistan"
"1913-08-01","24.191","Afghanistan"
"1913-09-01","19.697","Afghanistan"
"1913-10-01","14.367","Afghanistan"
"1913-11-01","7.911","Afghanistan"
"1913-12-01","3.526","Afghanistan"
"1914-01-01","3.976","Afghanistan"
"1914-02-01","1.723","Afghanistan"
"1914-03-01","8.174","Afghanistan"
"1914-04-01","14.805","Afghanistan"
"1914-05-01","20.387","Afghanistan"
"1914-06-01","26.309","Afghanistan"
"1914-07-01","26.627","Afghanistan"
"1914-08-01","24.68","Afghanistan"
"1914-09-01","21.077","Afghanistan"
"1914-10-01","14.059","Afghanistan"
"1914-11-01","8.778","Afghanistan"
"1914-12-01","0.967","Afghanistan"
"1915-01-01","2.135","Afghanistan"
"1915-02-01","2.264","Afghanistan"
"1915-03-01","11.603","Afghanistan"
"1915-04-01","14.174","Afghanistan"
"1915-05-01","22.895","Afghanistan"
"1915-06-01","25.533","Afghanistan"
"1915-07-01","26.475","Afghanistan"
"1915-08-01","26.386","Afghanistan"
"1915-09-01","21.885","Afghanistan"
"1915-10-01","13.745","Afghanistan"
"1915-11-01","8.863","Afghanistan"
"1915-12-01","3.017","Afghanistan"
"1916-01-01","2.255","Afghanistan"
"1916-02-01","0.74","Afghanistan"
"1916-03-01","9.141","Afghanistan"
"1916-04-01","14.797","Afghanistan"
"1916-05-01","19.174","Afghanistan"
"1916-06-01","22.863","Afghanistan"
"1916-07-01","26.292","Afghanistan"
"1916-08-01","25.844","Afghanistan"
"1916-09-01","20.01","Afghanistan"
"1916-10-01","12.647","Afghanistan"
"1916-11-01","3.909","Afghanistan"
"1916-12-01","2.444","Afghanistan"
"1917-01-01","2.684","Afghanistan"
"1917-02-01","5.55","Afghanistan"
"1917-03-01","7.924","Afghanistan"
"1917-04-01","14.281","Afghanistan"
"1917-05-01","21.291","Afghanistan"
"1917-06-01","24.838","Afghanistan"
"1917-07-01","26.38","Afghanistan"
"1917-08-01","24.998","Afghanistan"
"1917-09-01","20.137","Afghanistan"
"1917-10-01","12.092","Afghanistan"
"1917-11-01","5.955","Afghanistan"
"1917-12-01","0.868","Afghanistan"
"1918-01-01","-0.01","Afghanistan"
"1918-02-01","3.497","Afghanistan"
"1918-03-01","6.746","Afghanistan"
"1918-04-01","12.182","Afghanistan"
"1918-05-01","22.33","Afghanistan"
"1918-06-01","24.522","Afghanistan"
"1918-07-01","26.923","Afghanistan"
"1918-08-01","25.257","Afghanistan"
"1918-09-01","19.764","Afghanistan"
"1918-10-01","13.699","Afghanistan"
"1918-11-01","6.441","Afghanistan"
"1918-12-01","0.448","Afghanistan"
"1919-01-01","-1.552","Afghanistan"
"1919-02-01","2.989","Afghanistan"
"1919-03-01","8.233","Afghanistan"
"1919-04-01","15.204","Afghanistan"
"1919-05-01","20.306","Afghanistan"
"1919-06-01","26.028","Afghanistan"
"1919-07-01","27.191","Afghanistan"
"1919-08-01","25.541","Afghanistan"
"1919-09-01","19.534","Afghanistan"
"1919-10-01","13.222","Afghanistan"
"1919-11-01","7.816","Afghanistan"
"1919-12-01","2.059","Afghanistan"
"1920-01-01","1.385","Afghanistan"
"1920-02-01","0.689","Afghanistan"
"1920-03-01","7.944","Afghanistan"
"1920-04-01","11.725","Afghanistan"
"1920-05-01","17.695","Afghanistan"
"1920-06-01","23.728","Afghanistan"
"1920-07-01","27.289","Afghanistan"
"1920-08-01","24.543","Afghanistan"
"1920-09-01","21.357","Afghanistan"
"1920-10-01","14.89","Afghanistan"
"1920-11-01","7.047","Afghanistan"
"1920-12-01","-1.854","Afghanistan"
"1921-01-01","0.471","Afghanistan"
"1921-02-01","3.095","Afghanistan"
"1921-03-01","8.302","Afghanistan"
"1921-04-01","16.547","Afghanistan"
"1921-05-01","19.392","Afghanistan"
"1921-06-01","24.533","Afghanistan"
"1921-07-01","27.545","Afghanistan"
"1921-08-01","24.065","Afghanistan"
"1921-09-01","20.612","Afghanistan"
"1921-10-01","14.199","Afghanistan"
"1921-11-01","7.942","Afghanistan"
"1921-12-01","3.356","Afghanistan"
"1922-01-01","1.499","Afghanistan"
"1922-02-01","2.342","Afghanistan"
"1922-03-01","8.683","Afghanistan"
"1922-04-01","15.37","Afghanistan"
"1922-05-01","19.146","Afghanistan"
"1922-06-01","25.206","Afghanistan"
"1922-07-01","27.386","Afghanistan"
"1922-08-01","25.127","Afghanistan"
"1922-09-01","20.844","Afghanistan"
"1922-10-01","14.111","Afghanistan"
"1922-11-01","8.204","Afghanistan"
"1922-12-01","3.148","Afghanistan"
"1923-01-01","0.211","Afghanistan"
"1923-02-01","2.449","Afghanistan"
"1923-03-01","9.028","Afghanistan"
"1923-04-01","13.756","Afghanistan"
"1923-05-01","19.172","Afghanistan"
"1923-06-01","24.787","Afghanistan"
"1923-07-01","26.295","Afghanistan"
"1923-08-01","25.751","Afghanistan"
"1923-09-01","18.576","Afghanistan"
"1923-10-01","13.289","Afghanistan"
"1923-11-01","6.127","Afghanistan"
"1923-12-01","0.626","Afghanistan"
"1924-01-01","0.773","Afghanistan"
"1924-02-01","3.336","Afghanistan"
"1924-03-01","9.593","Afghanistan"
"1924-04-01","13.897","Afghanistan"
"1924-05-01","16.747","Afghanistan"
"1924-06-01","23.847","Afghanistan"
"1924-07-01","26.807","Afghanistan"
"1924-08-01","25.586","Afghanistan"
"1924-09-01","19.606","Afghanistan"
"1924-10-01","14.162","Afghanistan"
"1924-11-01","7.508","Afghanistan"
"1924-12-01","1.686","Afghanistan"
"1925-01-01","-2.021","Afghanistan"
"1925-02-01","-1.174","Afghanistan"
"1925-03-01","9.991","Afghanistan"
"1925-04-01","16.143","Afghanistan"
"1925-05-01","20.41","Afghanistan"
"1925-06-01","25.715","Afghanistan"
"1925-07-01","27.581","Afghanistan"
"1925-08-01","24.767","Afghanistan"
"1925-09-01","20.015","Afghanistan"
"1925-10-01","14.642","Afghanistan"
"1925-11-01","6.917","Afghanistan"
"1925-12-01","4.195","Afghanistan"
"1926-01-01","1.592","Afghanistan"
"1926-02-01","4.462","Afghanistan"
"1926-03-01","8.201","Afghanistan"
"1926-04-01","11.596","Afghanistan"
"1926-05-01","19.776","Afghanistan"
"1926-06-01","24.229","Afghanistan"
"1926-07-01","27.095","Afghanistan"
"1926-08-01","26.609","Afghanistan"
"1926-09-01","20.955","Afghanistan"
"1926-10-01","13.062","Afghanistan"
"1926-11-01","4.44","Afghanistan"
"1926-12-01","2.927","Afghanistan"
"1927-01-01","-1.9","Afghanistan"
"1927-02-01","1.432","Afghanistan"
"1927-03-01","6.848","Afghanistan"
"1927-04-01","14.725","Afghanistan"
"1927-05-01","20.421","Afghanistan"
"1927-06-01","24.652","Afghanistan"
"1927-07-01","27.989","Afghanistan"
"1927-08-01","25.814","Afghanistan"
"1927-09-01","20.408","Afghanistan"
"1927-10-01","15.241","Afghanistan"
"1927-11-01","7.275","Afghanistan"
"1927-12-01","3.23","Afghanistan"
"1928-01-01","-1.471","Afghanistan"
"1928-02-01","2.816","Afghanistan"
"1928-03-01","6.343","Afghanistan"
"1928-04-01","15.819","Afghanistan"
"1928-05-01","20.994","Afghanistan"
"1928-06-01","25.156","Afghanistan"
"1928-07-01","26.448","Afghanistan"
"1928-08-01","24.546","Afghanistan"
"1928-09-01","19.135","Afghanistan"
"1928-10-01","13.822","Afghanistan"
"1928-11-01","8.113","Afghanistan"
"1928-12-01","1.875","Afghanistan"
"1929-01-01","-1.918","Afghanistan"
"1929-02-01","1.894","Afghanistan"
"1929-03-01","10.364","Afghanistan"
"1929-04-01","16.616","Afghanistan"
"1929-05-01","20.398","Afghanistan"
"1929-06-01","24.728","Afghanistan"
"1929-07-01","26.243","Afghanistan"
"1929-08-01","23.884","Afghanistan"
"1929-09-01","21.473","Afghanistan"
"1929-10-01","13.161","Afghanistan"
"1929-11-01","7.437","Afghanistan"
"1929-12-01","-2.499","Afghanistan"
"1930-01-01","-3.993","Afghanistan"
"1930-02-01","1.647","Afghanistan"
"1930-03-01","8.099","Afghanistan"
"1930-04-01","13.419","Afghanistan"
"1930-05-01","20.164","Afghanistan"
"1930-06-01","25.284","Afghanistan"
"1930-07-01","27.43","Afghanistan"
"1930-08-01","24.753","Afghanistan"
"1930-09-01","19.279","Afghanistan"
"1930-10-01","13.595","Afghanistan"
"1930-11-01","8.573","Afghanistan"
"1930-12-01","1.717","Afghanistan"
"1931-01-01","0.726","Afghanistan"
"1931-02-01","-1.612","Afghanistan"
"1931-03-01","8.481","Afghanistan"
"1931-04-01","15.627","Afghanistan"
"1931-05-01","18.648","Afghanistan"
"1931-06-01","23.508","Afghanistan"
"1931-07-01","26.186","Afghanistan"
"1931-08-01","26.331","Afghanistan"
"1931-09-01","20.868","Afghanistan"
"1931-10-01","13.536","Afghanistan"
"1931-11-01","7.21","Afghanistan"
"1931-12-01","1.861","Afghanistan"
"1932-01-01","1.255","Afghanistan"
"1932-02-01","3.542","Afghanistan"
"1932-03-01","8.99","Afghanistan"
"1932-04-01","15.829","Afghanistan"
"1932-05-01","19.185","Afghanistan"
"1932-06-01","24.661","Afghanistan"
"1932-07-01","27.439","Afghanistan"
"1932-08-01","24.319","Afghanistan"
"1932-09-01","20.555","Afghanistan"
"1932-10-01","12.793","Afghanistan"
"1932-11-01","6.864","Afghanistan"
"1932-12-01","-1.456","Afghanistan"
"1933-01-01","-2.244","Afghanistan"
"1933-02-01","3.563","Afghanistan"
"1933-03-01","6.586","Afghanistan"
"1933-04-01","13.145","Afghanistan"
"1933-05-01","20.821","Afghanistan"
"1933-06-01","25.121","Afghanistan"
"1933-07-01","27.784","Afghanistan"
"1933-08-01","25.525","Afghanistan"
"1933-09-01","19.833","Afghanistan"
"1933-10-01","13.568","Afghanistan"
"1933-11-01","8.396","Afghanistan"
"1933-12-01","4.497","Afghanistan"
"1934-01-01","-4.379","Afghanistan"
"1934-02-01","5.397","Afghanistan"
"1934-03-01","7.813","Afghanistan"
"1934-04-01","13.822","Afghanistan"
"1934-05-01","17.139","Afghanistan"
"1934-06-01","25.201","Afghanistan"
"1934-07-01","26.822","Afghanistan"
"1934-08-01","25.992","Afghanistan"
"1934-09-01","19.714","Afghanistan"
"1934-10-01","12.591","Afghanistan"
"1934-11-01","6.303","Afghanistan"
"1934-12-01","3.682","Afghanistan"
"1935-01-01","-2.635","Afghanistan"
"1935-02-01","3.948","Afghanistan"
"1935-03-01","8.573","Afghanistan"
"1935-04-01","12.665","Afghanistan"
"1935-05-01","19.057","Afghanistan"
"1935-06-01","22.939","Afghanistan"
"1935-07-01","26.759","Afghanistan"
"1935-08-01","25.581","Afghanistan"
"1935-09-01","19.913","Afghanistan"
"1935-10-01","13.35","Afghanistan"
"1935-11-01","7.108","Afghanistan"
"1935-12-01","2.297","Afghanistan"
"1936-01-01","-1.144","Afghanistan"
"1936-02-01","4.284","Afghanistan"
"1936-03-01","6.326","Afghanistan"
"1936-04-01","14.083","Afghanistan"
"1936-05-01","22.309","Afghanistan"
"1936-06-01","25.54","Afghanistan"
"1936-07-01","26.746","Afghanistan"
"1936-08-01","24.505","Afghanistan"
"1936-09-01","21.428","Afghanistan"
"1936-10-01","15.616","Afghanistan"
"1936-11-01","7.199","Afghanistan"
"1936-12-01","1.197","Afghanistan"
"1937-01-01","-1.09","Afghanistan"
"1937-02-01","3.787","Afghanistan"
"1937-03-01","6.127","Afghanistan"
"1937-04-01","12.546","Afghanistan"
"1937-05-01","20.853","Afghanistan"
"1937-06-01","25.716","Afghanistan"
"1937-07-01","27.359","Afghanistan"
"1937-08-01","25.906","Afghanistan"
"1937-09-01","20.411","Afghanistan"
"1937-10-01","13.08","Afghanistan"
"1937-11-01","6.85","Afghanistan"
"1937-12-01","1.314","Afghanistan"
"1938-01-01","1.23","Afghanistan"
"1938-02-01","3.747","Afghanistan"
"1938-03-01","7.802","Afghanistan"
"1938-04-01","15.854","Afghanistan"
"1938-05-01","22.883","Afghanistan"
"1938-06-01","24.462","Afghanistan"
"1938-07-01","26.175","Afghanistan"
"1938-08-01","25.362","Afghanistan"
"1938-09-01","20.1","Afghanistan"
"1938-10-01","13.75","Afghanistan"
"1938-11-01","6.019","Afghanistan"
"1938-12-01","3.151","Afghanistan"
"1939-01-01","1.718","Afghanistan"
"1939-02-01","2.809","Afghanistan"
"1939-03-01","5.912","Afghanistan"
"1939-04-01","11.406","Afghanistan"
"1939-05-01","19.604","Afghanistan"
"1939-06-01","26.431","Afghanistan"
"1939-07-01","26.743","Afghanistan"
"1939-08-01","25.204","Afghanistan"
"1939-09-01","21.184","Afghanistan"
"1939-10-01","14.476","Afghanistan"
"1939-11-01","8.994","Afghanistan"
"1939-12-01","5.462","Afghanistan"
"1940-01-01","2.68","Afghanistan"
"1940-02-01","4.924","Afghanistan"
"1940-03-01","6.569","Afghanistan"
"1940-04-01","14.405","Afghanistan"
"1940-05-01","20.753","Afghanistan"
"1940-06-01","25.933","Afghanistan"
"1940-07-01","27.601","Afghanistan"
"1940-08-01","24.466","Afghanistan"
"1940-09-01","20.528","Afghanistan"
"1940-10-01","15.72","Afghanistan"
"1940-11-01","9.065","Afghanistan"
"1940-12-01","4.164","Afghanistan"
"1941-01-01","1.14","Afghanistan"
"1941-02-01","6.495","Afghanistan"
"1941-03-01","11.097","Afghanistan"
"1941-04-01","15.906","Afghanistan"
"1941-05-01","22.375","Afghanistan"
"1941-06-01","26.25","Afghanistan"
"1941-07-01","26.704","Afghanistan"
"1941-08-01","25.966","Afghanistan"
"1941-09-01","20.212","Afghanistan"
"1941-10-01","16.967","Afghanistan"
"1941-11-01","8.983","Afghanistan"
"1941-12-01","3.938","Afghanistan"
"1942-01-01","1.523","Afghanistan"
"1942-02-01","2.212","Afghanistan"
"1942-03-01","10.203","Afghanistan"
"1942-04-01","15.302","Afghanistan"
"1942-05-01","21.021","Afghanistan"
"1942-06-01","24.49","Afghanistan"
"1942-07-01","27.037","Afghanistan"
"1942-08-01","24.528","Afghanistan"
"1942-09-01","19.882","Afghanistan"
"1942-10-01","14.897","Afghanistan"
"1942-11-01","10.538","Afghanistan"
"1942-12-01","1.781","Afghanistan"
"1943-01-01","-0.587","Afghanistan"
"1943-02-01","3.266","Afghanistan"
"1943-03-01","7.17","Afghanistan"
"1943-04-01","13.315","Afghanistan"
"1943-05-01","19.019","Afghanistan"
"1943-06-01","23.88","Afghanistan"
"1943-07-01","26.789","Afghanistan"
"1943-08-01","25.294","Afghanistan"
"1943-09-01","20.038","Afghanistan"
"1943-10-01","13.159","Afghanistan"
"1943-11-01","7.862","Afghanistan"
"1943-12-01","5.289","Afghanistan"
"1944-01-01","2.058","Afghanistan"
"1944-02-01","3.957","Afghanistan"
"1944-03-01","10.485","Afghanistan"
"1944-04-01","14.621","Afghanistan"
"1944-05-01","20.997","Afghanistan"
"1944-06-01","25.166","Afghanistan"
"1944-07-01","28.425","Afghanistan"
"1944-08-01","25.308","Afghanistan"
"1944-09-01","19.444","Afghanistan"
"1944-10-01","13.804","Afghanistan"
"1944-11-01","8.532","Afghanistan"
"1944-12-01","-1.296","Afghanistan"
"1945-01-01","-1.013","Afghanistan"
"1945-02-01","1.966","Afghanistan"
"1945-03-01","8.186","Afghanistan"
"1945-04-01","13.789","Afghanistan"
"1945-05-01","19.275","Afghanistan"
"1945-06-01","25.14","Afghanistan"
"1945-07-01","26.617","Afghanistan"
"1945-08-01","26.011","Afghanistan"
"1945-09-01","21.097","Afghanistan"
"1945-10-01","14.577","Afghanistan"
"1945-11-01","8.435","Afghanistan"
"1945-12-01","2.315","Afghanistan"
"1946-01-01","0.377","Afghanistan"
"1946-02-01","5.625","Afghanistan"
"1946-03-01","9.102","Afghanistan"
"1946-04-01","17.556","Afghanistan"
"1946-05-01","23.195","Afghanistan"
"1946-06-01","25.47","Afghanistan"
"1946-07-01","26.931","Afghanistan"
"1946-08-01","25.254","Afghanistan"
"1946-09-01","20.584","Afghanistan"
"1946-10-01","16.232","Afghanistan"
"1946-11-01","5.434","Afghanistan"
"1946-12-01","-0.624","Afghanistan"
"1947-01-01","2.335","Afghanistan"
"1947-02-01","3.919","Afghanistan"
"1947-03-01","10.456","Afghanistan"
"1947-04-01","15.546","Afghanistan"
"1947-05-01","20.547","Afghanistan"
"1947-06-01","24.755","Afghanistan"
"1947-07-01","26.825","Afghanistan"
"1947-08-01","26.855","Afghanistan"
"1947-09-01","20.984","Afghanistan"
"1947-10-01","14.428","Afghanistan"
"1947-11-01","10.942","Afghanistan"
"1947-12-01","2.829","Afghanistan"
"1948-01-01","2.752","Afghanistan"
"1948-02-01","4.359","Afghanistan"
"1948-03-01","8.068","Afghanistan"
"1948-04-01","14.544","Afghanistan"
"1948-05-01","21.774","Afghanistan"
"1948-06-01","24.469","Afghanistan"
"1948-07-01","27.587","Afghanistan"
"1948-08-01","25.187","Afghanistan"
"1948-09-01","20.818","Afghanistan"
"1948-10-01","13.966","Afghanistan"
"1948-11-01","7.29","Afghanistan"
"1948-12-01","1.209","Afghanistan"
"1949-01-01","-1.374","Afghanistan"
"1949-02-01","3.089","Afghanistan"
"1949-03-01","7.789","Afghanistan"
"1949-04-01","15.152","Afghanistan"
"1949-05-01","20.991","Afghanistan"
"1949-06-01","23.142","Afghanistan"
"1949-07-01","27.238","Afghanistan"
"1949-08-01","24.268","Afghanistan"
"1949-09-01","20.634","Afghanistan"
"1949-10-01","11.546","Afghanistan"
"1949-11-01","5.186","Afghanistan"
"1949-12-01","2.54","Afghanistan"
"1950-01-01","-0.048","Afghanistan"
"1950-02-01","0.159","Afghanistan"
"1950-03-01","7.541","Afghanistan"
"1950-04-01","12.031","Afghanistan"
"1950-05-01","20.487","Afghanistan"
"1950-06-01","25.083","Afghanistan"
"1950-07-01","27.455","Afghanistan"
"1950-08-01","25.357","Afghanistan"
"1950-09-01","19.043","Afghanistan"
"1950-10-01","14.451","Afghanistan"
"1950-11-01","5.119","Afghanistan"
"1950-12-01","-0.156","Afghanistan"
"1951-01-01","0.648","Afghanistan"
"1951-02-01","0.801","Afghanistan"
"1951-03-01","6.867","Afghanistan"
"1951-04-01","13.264","Afghanistan"
"1951-05-01","20.281","Afghanistan"
"1951-06-01","22.893","Afghanistan"
"1951-07-01","26.001","Afghanistan"
"1951-08-01","24.713","Afghanistan"
"1951-09-01","21.572","Afghanistan"
"1951-10-01","17.085","Afghanistan"
"1951-11-01","8.581","Afghanistan"
"1951-12-01","4.907","Afghanistan"
"1952-01-01","1.198","Afghanistan"
"1952-02-01","5.671","Afghanistan"
"1952-03-01","8.775","Afghanistan"
"1952-04-01","15.811","Afghanistan"
"1952-05-01","20.05","Afghanistan"
"1952-06-01","25.257","Afghanistan"
"1952-07-01","26.485","Afghanistan"
"1952-08-01","24.803","Afghanistan"
"1952-09-01","19.857","Afghanistan"
"1952-10-01","13.355","Afghanistan"
"1952-11-01","6.626","Afghanistan"
"1952-12-01","2.217","Afghanistan"
"1953-01-01","2.097","Afghanistan"
"1953-02-01","6.945","Afghanistan"
"1953-03-01","9.673","Afghanistan"
"1953-04-01","14.719","Afghanistan"
"1953-05-01","20.59","Afghanistan"
"1953-06-01","24.941","Afghanistan"
"1953-07-01","27.407","Afghanistan"
"1953-08-01","24.837","Afghanistan"
"1953-09-01","20.341","Afghanistan"
"1953-10-01","12.747","Afghanistan"
"1953-11-01","7.662","Afghanistan"
"1953-12-01","3.85","Afghanistan"
"1954-01-01","1.333","Afghanistan"
"1954-02-01","2.934","Afghanistan"
"1954-03-01","7.527","Afghanistan"
"1954-04-01","14.492","Afghanistan"
"1954-05-01","20.695","Afghanistan"
"1954-06-01","23.95","Afghanistan"
"1954-07-01","25.918","Afghanistan"
"1954-08-01","24.518","Afghanistan"
"1954-09-01","20.307","Afghanistan"
"1954-10-01","12.892","Afghanistan"
"1954-11-01","7.274","Afghanistan"
"1954-12-01","2.456","Afghanistan"
"1955-01-01","1.636","Afghanistan"
"1955-02-01","6.092","Afghanistan"
"1955-03-01","10.031","Afghanistan"
"1955-04-01","13.607","Afghanistan"
"1955-05-01","18.451","Afghanistan"
"1955-06-01","24.112","Afghanistan"
"1955-07-01","27.077","Afghanistan"
"1955-08-01","26.235","Afghanistan"
"1955-09-01","21.01","Afghanistan"
"1955-10-01","12.999","Afghanistan"
"1955-11-01","9.609","Afghanistan"
"1955-12-01","4.852","Afghanistan"
"1956-01-01","0.844","Afghanistan"
"1956-02-01","4.236","Afghanistan"
"1956-03-01","8.139","Afghanistan"
"1956-04-01","15.018","Afghanistan"
"1956-05-01","22.23","Afghanistan"
"1956-06-01","23.763","Afghanistan"
"1956-07-01","26.617","Afghanistan"
"1956-08-01","24.391","Afghanistan"
"1956-09-01","21.071","Afghanistan"
"1956-10-01","13.172","Afghanistan"
"1956-11-01","8.686","Afghanistan"
"1956-12-01","2.126","Afghanistan"
"1957-01-01","-1.69","Afghanistan"
"1957-02-01","0.831","Afghanistan"
"1957-03-01","8.502","Afghanistan"
"1957-04-01","11.696","Afghanistan"
"1957-05-01","18.094","Afghanistan"
"1957-06-01","23.243","Afghanistan"
"1957-07-01","25.775","Afghanistan"
"1957-08-01","24.227","Afghanistan"
"1957-09-01","18.974","Afghanistan"
"1957-10-01","13.346","Afghanistan"
"1957-11-01","7.055","Afghanistan"
"1957-12-01","3.273","Afghanistan"
"1958-01-01","3.661","Afghanistan"
"1958-02-01","4.513","Afghanistan"
"1958-03-01","11.055","Afghanistan"
"1958-04-01","16.592","Afghanistan"
"1958-05-01","18.752","Afghanistan"
"1958-06-01","25.091","Afghanistan"
"1958-07-01","27.24","Afghanistan"
"1958-08-01","24.639","Afghanistan"
"1958-09-01","21.086","Afghanistan"
"1958-10-01","13.91","Afghanistan"
"1958-11-01","5.4","Afghanistan"
"1958-12-01","4.662","Afghanistan"
"1959-01-01","0.63","Afghanistan"
"1959-02-01","1.794","Afghanistan"
"1959-03-01","8.981","Afghanistan"
"1959-04-01","15.948","Afghanistan"
"1959-05-01","19.487","Afghanistan"
"1959-06-01","24.898","Afghanistan"
"1959-07-01","25.97","Afghanistan"
"1959-08-01","26.634","Afghanistan"
"1959-09-01","22.973","Afghanistan"
"1959-10-01","15.648","Afghanistan"
"1959-11-01","6.59","Afghanistan"
"1959-12-01","0.278","Afghanistan"
"1960-01-01","2.262","Afghanistan"
"1960-02-01","7.008","Afghanistan"
"1960-03-01","5.832","Afghanistan"
"1960-04-01","12.312","Afghanistan"
"1960-05-01","18.853","Afghanistan"
"1960-06-01","25.436","Afghanistan"
"1960-07-01","26.6","Afghanistan"
"1960-08-01","25.749","Afghanistan"
"1960-09-01","20.537","Afghanistan"
"1960-10-01","14.27","Afghanistan"
"1960-11-01","7.155","Afghanistan"
"1960-12-01","1.811","Afghanistan"
"1961-01-01","1.482","Afghanistan"
"1961-02-01","1.59","Afghanistan"
"1961-03-01","9.26","Afghanistan"
"1961-04-01","12.818","Afghanistan"
"1961-05-01","21.318","Afghanistan"
"1961-06-01","24.656","Afghanistan"
"1961-07-01","27.363","Afghanistan"
"1961-08-01","25.263","Afghanistan"
"1961-09-01","21.913","Afghanistan"
"1961-10-01","12.708","Afghanistan"
"1961-11-01","6.868","Afghanistan"
"1961-12-01","3.54","Afghanistan"
"1962-01-01","0.616","Afghanistan"
"1962-02-01","5.728","Afghanistan"
"1962-03-01","10.194","Afghanistan"
"1962-04-01","14.522","Afghanistan"
"1962-05-01","19.919","Afghanistan"
"1962-06-01","23.72","Afghanistan"
"1962-07-01","26.961","Afghanistan"
"1962-08-01","24.789","Afghanistan"
"1962-09-01","18.598","Afghanistan"
"1962-10-01","12.985","Afghanistan"
"1962-11-01","5.247","Afghanistan"
"1962-12-01","1.945","Afghanistan"
"1963-01-01","3.368","Afghanistan"
"1963-02-01","7.233","Afghanistan"
"1963-03-01","9.161","Afghanistan"
"1963-04-01","15.532","Afghanistan"
"1963-05-01","19.194","Afghanistan"
"1963-06-01","26.252","Afghanistan"
"1963-07-01","27.246","Afghanistan"
"1963-08-01","25.121","Afghanistan"
"1963-09-01","20.739","Afghanistan"
"1963-10-01","15.866","Afghanistan"
"1963-11-01","8.189","Afghanistan"
"1963-12-01","2.5","Afghanistan"
"1964-01-01","-4.254","Afghanistan"
"1964-02-01","3.107","Afghanistan"
"1964-03-01","10.546","Afghanistan"
"1964-04-01","14.19","Afghanistan"
"1964-05-01","19.82","Afghanistan"
"1964-06-01","23.998","Afghanistan"
"1964-07-01","26.47","Afghanistan"
"1964-08-01","25.635","Afghanistan"
"1964-09-01","20.098","Afghanistan"
"1964-10-01","11.261","Afghanistan"
"1964-11-01","6.828","Afghanistan"
"1964-12-01","-0.68","Afghanistan"
"1965-01-01","2.387","Afghanistan"
"1965-02-01","3.334","Afghanistan"
"1965-03-01","8.185","Afghanistan"
"1965-04-01","12.856","Afghanistan"
"1965-05-01","19.612","Afghanistan"
"1965-06-01","24.165","Afghanistan"
"1965-07-01","26.776","Afghanistan"
"1965-08-01","24.225","Afghanistan"
"1965-09-01","19.567","Afghanistan"
"1965-10-01","16.254","Afghanistan"
"1965-11-01","9.764","Afghanistan"
"1965-12-01","2.097","Afghanistan"
"1966-01-01","4.375","Afghanistan"
"1966-02-01","6.869","Afghanistan"
"1966-03-01","8.677","Afghanistan"
"1966-04-01","13.477","Afghanistan"
"1966-05-01","19.64","Afghanistan"
"1966-06-01","26.136","Afghanistan"
"1966-07-01","26.232","Afghanistan"
"1966-08-01","25.17","Afghanistan"
"1966-09-01","19.867","Afghanistan"
"1966-10-01","13.575","Afghanistan"
"1966-11-01","5.341","Afghanistan"
"1966-12-01","2.757","Afghanistan"
"1967-01-01","-0.578","Afghanistan"
"1967-02-01","3.563","Afghanistan"
"1967-03-01","8.09","Afghanistan"
"1967-04-01","13.063","Afghanistan"
"1967-05-01","18.495","Afghanistan"
"1967-06-01","23.989","Afghanistan"
"1967-07-01","26.99","Afghanistan"
"1967-08-01","24.932","Afghanistan"
"1967-09-01","20.821","Afghanistan"
"1967-10-01","13.229","Afghanistan"
"1967-11-01","8.751","Afghanistan"
"1967-12-01","2.614","Afghanistan"
"1968-01-01","1.134","Afghanistan"
"1968-02-01","1.447","Afghanistan"
"1968-03-01","9.125","Afghanistan"
"1968-04-01","13.881","Afghanistan"
"1968-05-01","18.071","Afghanistan"
"1968-06-01","24.907","Afghanistan"
"1968-07-01","26.338","Afghanistan"
"1968-08-01","24.844","Afghanistan"
"1968-09-01","20.22","Afghanistan"
"1968-10-01","13.655","Afghanistan"
"1968-11-01","8.425","Afghanistan"
"1968-12-01","3.101","Afghanistan"
"1969-01-01","-1.644","Afghanistan"
"1969-02-01","0.239","Afghanistan"
"1969-03-01","11.343","Afghanistan"
"1969-04-01","14.034","Afghanistan"
"1969-05-01","19.051","Afghanistan"
"1969-06-01","24.357","Afghanistan"
"1969-07-01","26.781","Afghanistan"
"1969-08-01","24.517","Afghanistan"
"1969-09-01","19.537","Afghanistan"
"1969-10-01","15.3","Afghanistan"
"1969-11-01","6.947","Afghanistan"
"1969-12-01","5.199","Afghanistan"
"1970-01-01","1.337","Afghanistan"
"1970-02-01","5.088","Afghanistan"
"1970-03-01","7.71","Afghanistan"
"1970-04-01","16.199","Afghanistan"
"1970-05-01","21.801","Afghanistan"
"1970-06-01","25.226","Afghanistan"
"1970-07-01","26.251","Afghanistan"
"1970-08-01","26.862","Afghanistan"
"1970-09-01","20.546","Afghanistan"
"1970-10-01","14.743","Afghanistan"
"1970-11-01","8.778","Afghanistan"
"1970-12-01","2.856","Afghanistan"
"1971-01-01","-0.588","Afghanistan"
"1971-02-01","3.98","Afghanistan"
"1971-03-01","10.276","Afghanistan"
"1971-04-01","16.082","Afghanistan"
"1971-05-01","22.008","Afghanistan"
"1971-06-01","26.196","Afghanistan"
"1971-07-01","26.556","Afghanistan"
"1971-08-01","25.245","Afghanistan"
"1971-09-01","19.405","Afghanistan"
"1971-10-01","13.786","Afghanistan"
"1971-11-01","9.603","Afghanistan"
"1971-12-01","5.333","Afghanistan"
"1972-01-01","-1.033","Afghanistan"
"1972-02-01","-3.532","Afghanistan"
"1972-03-01","6.927","Afghanistan"
"1972-04-01","14.045","Afghanistan"
"1972-05-01","18.623","Afghanistan"
"1972-06-01","24.344","Afghanistan"
"1972-07-01","25.153","Afghanistan"
"1972-08-01","22.776","Afghanistan"
"1972-09-01","19.583","Afghanistan"
"1972-10-01","13.7","Afghanistan"
"1972-11-01","9.139","Afghanistan"
"1972-12-01","0.841","Afghanistan"
"1973-01-01","-2.374","Afghanistan"
"1973-02-01","4.588","Afghanistan"
"1973-03-01","8.158","Afghanistan"
"1973-04-01","15.651","Afghanistan"
"1973-05-01","20.69","Afghanistan"
"1973-06-01","26.73","Afghanistan"
"1973-07-01","27.014","Afghanistan"
"1973-08-01","25.604","Afghanistan"
"1973-09-01","20.199","Afghanistan"
"1973-10-01","14.175","Afghanistan"
"1973-11-01","8.312","Afghanistan"
"1973-12-01","2.079","Afghanistan"
"1974-01-01","-0.877","Afghanistan"
"1974-02-01","-0.79","Afghanistan"
"1974-03-01","9.628","Afghanistan"
"1974-04-01","15.416","Afghanistan"
"1974-05-01","20.077","Afghanistan"
"1974-06-01","24.374","Afghanistan"
"1974-07-01","26.867","Afghanistan"
"1974-08-01","24.204","Afghanistan"
"1974-09-01","20.087","Afghanistan"
"1974-10-01","11.816","Afghanistan"
"1974-11-01","7.623","Afghanistan"
"1974-12-01","1.376","Afghanistan"
"1975-01-01","-0.104","Afghanistan"
"1975-02-01","2.315","Afghanistan"
"1975-03-01","7.821","Afghanistan"
"1975-04-01","13.786","Afghanistan"
"1975-05-01","19.997","Afghanistan"
"1975-06-01","24.978","Afghanistan"
"1975-07-01","26.726","Afghanistan"
"1975-08-01","25.467","Afghanistan"
"1975-09-01","20.622","Afghanistan"
"1975-10-01","13.24","Afghanistan"
"1975-11-01","5.593","Afghanistan"
"1975-12-01","2.136","Afghanistan"
"1976-01-01","2.856","Afghanistan"
"1976-02-01","1.8","Afghanistan"
"1976-03-01","5.882","Afghanistan"
"1976-04-01","13.763","Afghanistan"
"1976-05-01","20.582","Afghanistan"
"1976-06-01","24.407","Afghanistan"
"1976-07-01","27.24","Afghanistan"
"1976-08-01","25.272","Afghanistan"
"1976-09-01","20.905","Afghanistan"
"1976-10-01","14.56","Afghanistan"
"1976-11-01","5.47","Afghanistan"
"1976-12-01","1.766","Afghanistan"
"1977-01-01","-2.453","Afghanistan"
"1977-02-01","3.223","Afghanistan"
"1977-03-01","12.123","Afghanistan"
"1977-04-01","16.056","Afghanistan"
"1977-05-01","20.443","Afghanistan"
"1977-06-01","26.356","Afghanistan"
"1977-07-01","27.552","Afghanistan"
"1977-08-01","25.132","Afghanistan"
"1977-09-01","19.943","Afghanistan"
"1977-10-01","15.259","Afghanistan"
"1977-11-01","9.669","Afghanistan"
"1977-12-01","4.362","Afghanistan"
"1978-01-01","0.063","Afghanistan"
"1978-02-01","2.767","Afghanistan"
"1978-03-01","7.335","Afghanistan"
"1978-04-01","15.966","Afghanistan"
"1978-05-01","21.204","Afghanistan"
"1978-06-01","25.5","Afghanistan"
"1978-07-01","26.726","Afghanistan"
"1978-08-01","24.878","Afghanistan"
"1978-09-01","20.645","Afghanistan"
"1978-10-01","14.55","Afghanistan"
"1978-11-01","6.796","Afghanistan"
"1978-12-01","5.526","Afghanistan"
"1979-01-01","1.735","Afghanistan"
"1979-02-01","4.177","Afghanistan"
"1979-03-01","7.299","Afghanistan"
"1979-04-01","16.449","Afghanistan"
"1979-05-01","17.399","Afghanistan"
"1979-06-01","24.921","Afghanistan"
"1979-07-01","27.513","Afghanistan"
"1979-08-01","24.198","Afghanistan"
"1979-09-01","20.579","Afghanistan"
"1979-10-01","16.149","Afghanistan"
"1979-11-01","6.677","Afghanistan"
"1979-12-01","4.049","Afghanistan"
"1980-01-01","0.533","Afghanistan"
"1980-02-01","02.05","Afghanistan"
"1980-03-01","8.18","Afghanistan"
"1980-04-01","17.357","Afghanistan"
"1980-05-01","21.573","Afghanistan"
"1980-06-01","25.502","Afghanistan"
"1980-07-01","27.457","Afghanistan"
"1980-08-01","25.422","Afghanistan"
"1980-09-01","20.399","Afghanistan"
"1980-10-01","15.265","Afghanistan"
"1980-11-01","10.239","Afghanistan"
"1980-12-01","4.671","Afghanistan"
"1981-01-01","2.477","Afghanistan"
"1981-02-01","4.414","Afghanistan"
"1981-03-01","10.364","Afghanistan"
"1981-04-01","15.842","Afghanistan"
"1981-05-01","21.099","Afghanistan"
"1981-06-01","24.58","Afghanistan"
"1981-07-01","27.163","Afghanistan"
"1981-08-01","25.258","Afghanistan"
"1981-09-01","20.44","Afghanistan"
"1981-10-01","13.036","Afghanistan"
"1981-11-01","8.733","Afghanistan"
"1981-12-01","4.915","Afghanistan"
"1982-01-01","1.442","Afghanistan"
"1982-02-01","1.394","Afghanistan"
"1982-03-01","6.886","Afghanistan"
"1982-04-01","15.234","Afghanistan"
"1982-05-01","20.286","Afghanistan"
"1982-06-01","24.867","Afghanistan"
"1982-07-01","26.73","Afghanistan"
"1982-08-01","25.241","Afghanistan"
"1982-09-01","19.728","Afghanistan"
"1982-10-01","14.907","Afghanistan"
"1982-11-01","6.654","Afghanistan"
"1982-12-01","1.428","Afghanistan"
"1983-01-01","1.386","Afghanistan"
"1983-02-01","3.994","Afghanistan"
"1983-03-01","6.415","Afghanistan"
"1983-04-01","13.254","Afghanistan"
"1983-05-01","21.074","Afghanistan"
"1983-06-01","25.5","Afghanistan"
"1983-07-01","27.988","Afghanistan"
"1983-08-01","26.685","Afghanistan"
"1983-09-01","22.272","Afghanistan"
"1983-10-01","13.951","Afghanistan"
"1983-11-01","10.043","Afghanistan"
"1983-12-01","2.816","Afghanistan"
"1984-01-01","0.756","Afghanistan"
"1984-02-01","-0.988","Afghanistan"
"1984-03-01","10.579","Afghanistan"
"1984-04-01","15.677","Afghanistan"
"1984-05-01","21.331","Afghanistan"
"1984-06-01","26.036","Afghanistan"
"1984-07-01","27.623","Afghanistan"
"1984-08-01","27.091","Afghanistan"
"1984-09-01","19.994","Afghanistan"
"1984-10-01","13.16","Afghanistan"
"1984-11-01","9.533","Afghanistan"
"1984-12-01","0.158","Afghanistan"
